0,0,0,0,0,N01,0,0,0,0,0,50,130,
-17,-25,01,01,02,NN1,02,01,01,35,-25,15,15,
-17,-05,02,02,03,NN1,03,02,02,35,-05,15,15,
-17,15,03,03,04,NN1,04,03,03,35,15,15,15,
-17,35,04,04,05,NN1,05,04,04,35,35,15,15,
-17,55,05,05,06,NN1,06,05,05,35,55,15,15,
-17,75,06,06,07,NN1,07,06,06,35,75,15,15,
-17,95,07,07,08,NN1,08,07,07,35,95,15,15,
-17,115,08,08,09,NN1,09,08,08,35,115,15,15,
0,0,0,0,0,0,0,0,0,0,0,0,0,
0,0,0,0,0,0,0,0,0,0,0,0,0,
0,0,0,0,0,0,0,0,0,0,0,0,0,
0,0,0,0,0,0,0,0,0,0,0,0,0,
0,0,0,0,0,0,0,0,0,0,0,0,0,
0,0,0,0,0,0,0,0,0,0,0,0,0,
0,0,0,0,0,0,0,0,0,0,0,0,0,
0,0,0,0,0,0,0,0,0,0,0,0,0,
0,0,0,0,0,0,0,0,0,0,0,0,0,
0,0,0,0,0,0,0,0,0,0,0,0,0,
0,0,0,0,0,0,0,0,0,0,0,0,0,
